514  453
482  461
451  464
429  464
411  457
396  438
386  407
386  361
391  306
409  254
437  206
467  172
502  150
534  142
561  142
587  152
603  170
616  193
623  261
616  308
543  451
506  488
468  511
427  524
392  524
359  514
336  491
317  454
309  401
309  331
325  258
353  190
386  141
422  107
459  90
537  110
556  208
546  257
528  306
436  407
316  397
282  364
253  244
253  168
265  96
286  36
234  52
196  61
169  61
352  44
387  84
412  124
425  165
432  204
422  286
406  320
435  301
484  282
535  272
584  272
627  282
664  301
689  323
774  289
825  260
882  242
937  236
984  239
1023  256
1048  274
1064  292
1071  311
1072  334
1069  355
1055  377
1030  395
998  405
961  409
926  401
898  374
881  338
880  299
891  261
917  230
949  208
982  198
1012  196
1085  247
1071  446
926  601
829  614
784  608
742  589
715  560
698  518
775  305
819  274
863  258
899  257
925  260
942  275
951  295
954  321
954  351
942  392
918  437
889  483
853  522
812  553
771  570
729  574
695  570
668  555
649  525
640  482
637  447
622  509
601  574
577  629
551  672
525  701
500  715
475  717
454  712
433  693
417  659
411  601
442  459
476  398
632  317
757  325
763  321
767  320
768  320
769  320
770  320
771  321
771  322
772  322
772  323
772  324
773  325
